Level,Cards Required,Gold Cost,Cumulative Cards,Cumulative Gold
1 \-\> 2,2,5,2,5
2 \-\> 3,4,20,6,25
3 \-\> 4,10,50,16,75
4 \-\> 5,20,150,36,225
5 \-\> 6,50,400,86,625
6 \-\> 7,100,"1,000",186,"1,625"
7 \-\> 8,200,"2,000",386,"3,625"
8 \-\> 9,400,"4,000",786,"7,625"
9 \-\> 10,800,"8,000","1,586","15,625"
10 \-\> 11,"1,000","15,000","2,586","30,625"
11 \-\> 12,"1,500","35,000","4,086","65,625"
12 \-\> 13,"3,000","75,000","7,086","140,625"
13 \-\> 14,"5,000","100,000","12,086","240,625"
