Level,Cards Required,Gold Cost,Cumulative Cards,Cumulative Gold
3 \-\> 4,10,50,10,50
4 \-\> 5,20,150,30,200
5 \-\> 6,50,400,80,600
6 \-\> 7,100,"1,000",180,"1,600"
7 \-\> 8,200,"2,000",380,"3,600"
8 \-\> 9,400,"4,000",780,"7,600"
9 \-\> 10,800,"8,000","1,580","15,600"
10 \-\> 11,"1,000","15,000","2,580","30,600"
11 \-\> 12,"1,500","35,000","4,080","65,600"
12 \-\> 13,"3,000","75,000","7,080","140,600"
13 \-\> 14,"5,000","100,000","12,080","240,600"
